7
0 100
1000 500
1500 1500
3000 1000
4000 150
5500 150
6999 800
2500 2700 0 0 550 0 0
2500 2699 0 -3 549 -15 1
2501 2695 1 -5 547 -22 2
2502 2690 2 -6 544 -22 3
2505 2684 4 -6 540 -22 4
2510 2679 5 -6 536 -22 4
2515 2673 7 -6 532 -22 4
2523 2668 8 -6 528 -22 4
2532 2662 10 -6 524 -22 4
2542 2657 11 -6 520 -22 4
2554 2651 13 -6 516 -22 4
2567 2646 14 -6 512 -22 4
2582 2640 16 -6 508 -22 4
2599 2634 17 -6 504 -22 4
2616 2629 19 -6 500 -22 4
2636 2623 20 -6 496 -22 4
2657 2618 22 -6 492 -22 4
2679 2612 23 -6 488 -22 4
2703 2607 25 -6 484 -22 4
2728 2601 26 -6 480 -22 4
2755 2596 28 -6 476 -22 4
2783 2590 29 -6 472 -22 4
2813 2584 31 -6 468 -22 4
2845 2579 32 -6 464 -22 4
2878 2573 34 -6 460 -22 4
2912 2568 35 -6 456 -22 4
2948 2562 37 -6 452 -22 4
2985 2556 38 -6 448 -22 4
3024 2551 40 -6 444 -22 4
3064 2545 41 -6 440 -22 4
3106 2540 43 -6 436 -22 4
3149 2534 44 -6 432 -22 4
3194 2529 46 -6 428 -22 4
3241 2523 47 -6 424 -22 4
3288 2517 49 -6 420 -22 4
3338 2512 50 -6 416 -22 4
3389 2506 52 -6 412 -22 4
3441 2501 53 -6 408 -22 4
3495 2495 55 -6 404 -22 4
3550 2489 56 -6 400 -22 4
3607 2484 58 -6 396 -22 4
3665 2478 59 -6 392 -22 4
3725 2472 61 -6 388 -22 4
3786 2467 62 -6 384 -22 4
3849 2461 64 -6 380 -22 4
3913 2456 65 -6 376 -22 4
3979 2450 67 -6 372 -22 4
4047 2444 68 -6 368 -22 4
4115 2439 69 -5 364 -7 4
4183 2434 69 -5 360 0 4
4252 2429 69 -5 356 0 4
4321 2424 69 -5 352 0 4
4389 2420 69 -4 348 0 4
4458 2416 69 -4 344 0 4
4526 2412 69 -4 340 0 4
4595 2408 69 -3 336 0 4
4663 2405 69 -3 332 0 4
4732 2402 69 -3 328 0 4
4800 2400 69 -2 324 0 4
4869 2397 69 -2 320 0 4
4938 2395 69 -2 316 0 4
5006 2393 69 -2 312 0 4
5075 2392 69 -1 308 0 4
5143 2391 69 -1 304 0 4
5212 2390 69 -1 300 0 4
5280 2389 69 0 296 0 4
5349 2389 69 0 292 0 4
5417 2389 69 0 288 0 4
5486 2389 69 0 284 0 4
5554 2390 69 1 280 0 4
5623 2391 68 1 276 15 4
5689 2391 66 1 272 22 4
5755 2392 65 1 268 22 4
5818 2393 63 1 264 22 4
5881 2394 62 1 260 22 4
5941 2395 60 1 256 22 4
6001 2396 59 1 252 22 4
6058 2396 57 1 248 22 4
6115 2397 56 1 244 22 4
6169 2398 54 1 240 22 4
6223 2399 53 1 236 22 4
6275 2400 51 1 232 22 4
6325 2401 50 1 228 22 4
6374 2401 48 1 224 22 4
6421 2402 47 1 220 22 4
6467 2403 45 1 216 22 4
6511 2404 44 1 212 22 4
6554 2405 42 1 208 22 4
6595 2405 41 1 204 22 4
6635 2406 39 1 200 22 4
6673 2407 38 1 196 22 4
6710 2408 36 1 192 22 4
6745 2409 35 1 188 22 4
6779 2409 33 1 184 22 4
6811 2410 32 1 180 22 4
6842 2411 30 1 176 22 4
6871 2412 29 1 172 22 4
6899 2413 27 1 168 22 4
6926 2413 26 1 164 22 4
6950 2414 24 1 160 22 4
6974 2415 23 1 156 22 4
6995 2416 21 1 152 22 4
